phases = [-6.5, -3.5, -1.4, 6.5, 8.5, 11.5, 14.5, 16.5, 18.5, 21.5, 23.5, 26.5]
EBVS = [0.95789473684210535, 0.92631578947368431, 1.0210526315789474, 1.0842105263157895, 1.0210526315789474, 1.1789473684210527, 1.0526315789473686, 1.1157894736842107, 1.1157894736842107, 1.1157894736842107, 0.89473684210526327, 0.89473684210526327]
RVS = [2.6315789473684212, 2.6315789473684212, 2.6315789473684212, 2.6315789473684212, 2.7894736842105265, 2.4736842105263159, 2.6315789473684212, 2.5526315789473681, 2.5526315789473681, 2.5526315789473681, 2.8684210526315788, 2.7894736842105265]
